[0.101139527188, 0.00404652625303, 0.0242520920666]
[0.101151998376, 0.00403420820517, 0.0242839828163]
[0.101144547303, 0.00404788056976, 0.0243345742794]
[0.101513812289, 0.00405302065955, 0.0362026064747]
[0.10986759254, 0.00417938268387, 0.0529889466271]
[0.126079204267, 0.00341757364106, 0.0349055583102]
[0.148741775369, 0.00130166939767, 0.00604081761507]
[0.177510650531, -0.0013452143668, 6.279042690759046]
[0.208306021513, -0.00340953121489, 0.00289069476005]
[0.238440972965, -0.00653142671771, 0.0150990086708]
[0.268790432899, -0.0084947462498, 0.0398610494472]
[0.299385905056, -0.00916151415484, 0.0550704827432]
[0.329820824791, -0.00968079052623, 0.0811737753722]
[0.360605264189, -0.00913316919961, 0.109692355671]
[0.391734310534, -0.00773684889163, 0.118070096936]
[0.426220499697, -0.00608138480648, 0.152668968918]
[0.456516639683, -0.00392221120079, 0.187767290358]
[0.487284948615, -0.000316714886727, 0.203922167758]
[0.518085195302, 0.00412671539899, 0.23300551097]
[0.548397227875, 0.00998793275527, 0.246411902109]
[0.578822439928, 0.0149566786318, 0.264551356129]
[0.607757584336, 0.0202740539472, 0.291475376097]
[0.637278014541, 0.0271065863376, 0.315792306358]
[0.667106895773, 0.0351230655401, 0.33961405518]
[0.69601155115, 0.0435717532527, 0.373158040205]
[0.728630107117, 0.0542093029632, 0.409537308938]
[0.753419951694, 0.0626804536732, 0.429853654366]
[0.780917983174, 0.0729728615577, 0.452017118027]
[0.803940660001, 0.0825619123204, 0.466321444931]
[0.831403161492, 0.0942337493931, 0.492787468556]
[0.858327447104, 0.107157919173, 0.529222411342]
[0.88863645675, 0.122935156703, 0.563835039743]
[0.915072726389, 0.137619070649, 0.587562209959]
[0.944557623732, 0.154629987478, 0.617124502365]
[0.969977643273, 0.171300450536, 0.636031244811]
[0.991616202618, 0.185745715393, 0.668391055178]
[1.01631542255, 0.203614788285, 0.701347339882]
[1.03979848653, 0.221932057064, 0.734411236185]
[1.05974259663, 0.237816818563, 0.764542628386]
[1.08556075764, 0.259481016713, 0.80127952973]
[1.10720988271, 0.280252305757, 0.832801452068]
[1.13138759395, 0.30459515287, 0.873466352371]
[1.15436358765, 0.329406260803, 0.921705582447]
[1.17578338135, 0.355544040914, 0.970376745454]
[1.19381459851, 0.378405385029, 1.00463844536]
[1.21317649007, 0.405927943084, 1.04519906983]
[1.23106898503, 0.43449658107, 1.07750603498]
[1.24411046408, 0.456417890037, 1.1156946262]
[1.25774955994, 0.482396619704, 1.173268551]
[1.26815845699, 0.504613335526, 1.21543783853]
[1.27938147396, 0.531253582923, 1.25409507239]
[1.28930984165, 0.558416222287, 1.29391404811]
[1.29821000964, 0.58584578219, 1.34378492616]
[1.30645429966, 0.617541547017, 1.41247218398]
[1.31185523473, 0.644691809057, 1.46894682189]
[1.31542965612, 0.667112778696, 1.51871472766]
[1.3180130207, 0.694012751626, 1.58622407063]
[1.31808435454, 0.717494660413, 1.65065315527]
[1.3167801024, 0.740493628877, 1.70088336138]
[1.31363379266, 0.767633575023, 1.77753236223]
[1.30953693982, 0.790178124895, 1.85887985741]
[1.3026031372, 0.816225991446, 1.93699031975]
[1.2952917856, 0.837668831711, 2.01839994117]
[1.2847529635, 0.861462490768, 2.11591085597]
[1.27124686527, 0.883169620896, 2.21421971417]
[1.25814538844, 0.900374191392, 2.30884535938]
[1.24410202981, 0.915941146099, 2.40788138518]
[1.22584017436, 0.931300616757, 2.52168429474]
[1.20661876695, 0.944459830448, 2.65500520913]
[1.18606167413, 0.954164605036, 2.78415971648]
[1.164866676, 0.961157039287, 2.93474419778]
[1.14435144462, 0.965265559126, 3.03057393429]
[1.11857768399, 0.968737229587, 3.07988277051]
[1.09779135831, 0.973705169386, 2.97355845789]
[1.07890493687, 0.982465313433, 2.70324153873]
[1.06491960281, 0.997887593051, 2.39116685045]
[1.05689570487, 1.01474113285, 2.11418742657]
[1.05313629962, 1.036200605, 1.68833887362]
[1.0588490574, 1.05257565097, 1.27467035708]
[1.06910225388, 1.06252187273, 0.845944839773]
[1.08405146697, 1.06718673912, 0.354458263209]
[1.09554782786, 1.06395933768, 6.202661799383186]
[1.10654229088, 1.05399155458, 5.646669672678586]
[1.11093968613, 1.04019677959, 5.102942403559586]
[1.10619243825, 1.02477070205, 4.616956287179586]
[1.09734821933, 1.01154284611, 4.243726088059587]
